-------------------------------------------------------------------------------------------------------

交割日期        业务名称          证券代码        证券名称        成交价格        成交数量        剩余数量        成交金额        清算金额         剩余金额        佣金         印花税        过户费        结算费        附加费        币种          成交编号          股东代码          资金帐号            
20180507        融券购回          131800          Ｒ-003          2.928           600             0               60004.81        60004.81         60085.22        0.000        0.000         0.000         0.000         0.000         人民币        B1152254          0172419589        880000960043        
20180508        融券回购          131810          Ｒ-001          2.920           600             0               60000.00        -60000.60        84.62           0.600        0.000         0.000         0.000         0.000         人民币        B1149201          0172419589        880000960043        
20180509        融券购回          131810          Ｒ-001          2.920           600             0               60004.80        60004.80         60089.42        0.000        0.000         0.000         0.000         0.000         人民币        B1149201          0172419589        880000960043        
20180509        融券回购          131810          Ｒ-001          2.181           600             0               60000.00        -60000.60        88.82           0.600        0.000         0.000         0.000         0.000         人民币        B1164286          0172419589        880000960043        
20180510        融券购回          131810          Ｒ-001          2.181           600             0               60003.59        60003.59         60092.41        0.000        0.000         0.000         0.000         0.000         人民币        B1164286          0172419589        880000960043        
20180510        融券回购          131810          Ｒ-001          2.151           470             0               47000.00        -47000.47        13091.94        0.470        0.000         0.000         0.000         0.000         人民币        B1165480          0172419589        880000960043        
20180511        融券购回          131810          Ｒ-001          2.151           470             0               47008.31        47008.31         60100.25        0.000        0.000         0.000         0.000         0.000         人民币        B1165480          0172419589        880000960043        
20180511        证券买入          002330          得利斯          6.640           2000            2000            13280.00        -13285.27        46814.98        5.000        0.000         0.270         0.000         0.000         人民币        B1110295          0172419589        880000960043        
20180515        证券买入          603533          掌阅科技        40.750          300             300             12225.00        -12230.24        34584.74        5.000        0.000         0.240         0.000         0.000         人民币        0880031021        A128826147        880000960043        
20180515        融券回购          131810          Ｒ-001          2.032           340             0               34000.00        -34000.34        584.40          0.340        0.000         0.000         0.000         0.000         人民币        B1159029          0172419589        880000960043        
20180516        融券购回          131810          Ｒ-001          2.032           340             0               34001.89        34001.89         34586.29        0.000        0.000         0.000         0.000         0.000         人民币        B1159029          0172419589        880000960043        
20180517        证券卖出          002615          哈尔斯          7.420           1500            0               11130.00        11113.65         45699.94        5.000        11.130        0.220         0.000         0.000         人民币        B1108844          0172419589        880000960043        
20180518        证券买入          600332          白云山          42.270          300             300             12681.00        -12686.25        33013.69        5.000        0.000         0.250         0.000         0.000         人民币        0880007324        A128826147        880000960043        
20180518        证券卖出          002223          鱼跃医疗        20.320          1000            0               20320.00        20294.19         53307.88        5.080        20.320        0.410         0.000         0.000         人民币        B1133324          0172419589        880000960043        
20180518        融券回购          131800          Ｒ-003          2.700           530             0               53000.00        -53001.59        306.29          1.590        0.000         0.000         0.000         0.000         人民币        B1143359          0172419589        880000960043        
20180518        证券卖出          603533          掌阅科技        43.300          300             0               12990.00        12971.75         13278.04        5.000        12.990        0.260         0.000         0.000         人民币        0880034697        A128826147        880000960043        
20180518        融券回购          131800          Ｒ-003          2.800           130             0               13000.00        -13000.39        277.65          0.390        0.000         0.000         0.000         0.000         人民币        B1152409          0172419589        880000960043        
20180521        融券购回          131800          Ｒ-003          2.700           530             0               53003.92        53003.92         53281.57        0.000        0.000         0.000         0.000         0.000         人民币        B1143359          0172419589        880000960043        
20180521        融券购回          131800          Ｒ-003          2.800           130             0               13001.00        13001.00         66282.57        0.000        0.000         0.000         0.000         0.000         人民币        B1152409          0172419589        880000960043        
20180522        融券回购          131810          Ｒ-001          3.012           660             0               66000.00        -66000.66        281.91          0.660        0.000         0.000         0.000         0.000         人民币        B1165014          0172419589        880000960043        
20180523        融券购回          131810          Ｒ-001          3.012           660             0               66005.45        66005.45         66287.36        0.000        0.000         0.000         0.000         0.000         人民币        B1165014          0172419589        880000960043        
20180524        证券买入          300024          机器人          20.200          500             500             10100.00        -10105.20        56182.16        5.000        0.000         0.200         0.000         0.000         人民币        B1128536          0172419589        880000960043        
20180525        融券回购          131800          Ｒ-003          3.435           560             0               56000.00        -56001.68        180.48          1.680        0.000         0.000         0.000         0.000         人民币        B1160520          0172419589        880000960043        
20180528        融券购回          131800          Ｒ-003          3.435           560             0               56005.27        56005.27         56185.75        0.000        0.000         0.000         0.000         0.000         人民币        B1160520          0172419589        880000960043        
20180528        证券买入          300024          机器人          19.620          700             1200            13734.00        -13739.27        42446.48        5.000        0.000         0.270         0.000         0.000         人民币        B1131334          0172419589        880000960043        
20180530        证券买入          603533          掌阅科技        38.800          200             200             7760.00         -7765.16         34681.32        5.000        0.000         0.160         0.000         0.000         人民币        0880031765        A128826147        880000960043        
20180530        证券买入          603533          掌阅科技        38.700          100             300             3870.00         -3875.08         30806.24        5.000        0.000         0.080         0.000         0.000         人民币        0880037673        A128826147        880000960043        
20180530        证券买入          300024          机器人          18.800          500             1700            9400.00         -9405.19         21401.05        5.000        0.000         0.190         0.000         0.000         人民币        B1144995          0172419589        880000960043        
20180531        证券卖出          603533          掌阅科技        39.170          300             0               11751.00        11734.01         33135.06        5.000        11.750        0.240         0.000         0.000         人民币        0880060311        A128826147        880000960043        
20180601        证券买入          603533          掌阅科技        38.100          300             300             11430.00        -11435.23        21699.83        5.000        0.000         0.230         0.000         0.000         人民币        0880058972        A128826147        880000960043        
20180604        证券买入          300027          华谊兄弟        7.370           1400            1400            10318.00        -10323.21        11376.62        5.000        0.000         0.210         0.000         0.000         人民币        B1144306          0172419589        880000960043        
20180605        证券卖出          603533          掌阅科技        39.640          100             200             3964.00         3954.96          15331.58        5.000        3.960         0.080         0.000         0.000         人民币        0880028967        A128826147        880000960043        
20180606        证券买入          601515          东风股份        9.030           1600            1600            14448.00        -14453.29        878.29          5.000        0.000         0.290         0.000         0.000         人民币        0880012167        A128826147        880000960043        
20180606        证券卖出          603533          掌阅科技        40.900          100             100             4090.00         4080.83          4959.12         5.000        4.090         0.080         0.000         0.000         人民币        0880015921        A128826147        880000960043        
20180607        证券卖出          603533          掌阅科技        39.660          100             0               3966.00         3956.95          8916.07         5.000        3.970         0.080         0.000         0.000         人民币        0880041436        A128826147        880000960043        
20180608        证券买入          300024          机器人          18.100          400             2100            7240.00         -7245.14         1670.93         5.000        0.000         0.140         0.000         0.000         人民币        B1131639          0172419589        880000960043        
20180612        证券卖出          002330          得利斯          5.950           2000            0               11900.00        11882.86         13553.79        5.000        11.900        0.240         0.000         0.000         人民币        B1102573          0172419589        880000960043        
20180612        证券卖出          300024          机器人          18.230          400             1700            7292.00         7279.56          20833.35        5.000        7.290         0.150         0.000         0.000         人民币        B1151357          0172419589        880000960043        
20180614        红利入账          300024          机器人          0.000           0               0               85.00           85.00            20918.35        0.000        0.000         0.000         0.000         0.000         人民币                          0172419589        880000960043        
20180615        证券买入          601515          东风股份        8.500           1400            3000            11900.00        -11905.24        9013.11         5.000        0.000         0.240         0.000         0.000         人民币        0880033971        A128826147        880000960043        
20180621        利息归本                                          0.000           0               0               0.00            33.04            9046.15         0.000        0.000         0.000         0.000         0.000         人民币                                            880000960043        
20180621        证券卖出          300027          华谊兄弟        6.000           1400            0               8400.00         8386.43          17432.58        5.000        8.400         0.170         0.000         0.000         人民币        B1141817          0172419589        880000960043        
20180621        证券买入          300027          华谊兄弟        5.980           1500            1500            8970.00         -8975.18         8457.40         5.000        0.000         0.180         0.000         0.000         人民币        B1157139          0172419589        880000960043        
20180702        证券转银行                                        0.000           0               0               0.00            -200.00          8257.40         0.000        0.000         0.000         0.000         0.000         人民币                                            880000960043        
20180702        银行转证券                                        0.000           0               0               0.00            5200.00          13457.40        0.000        0.000         0.000         0.000         0.000         人民币                                            880000960043        
20180702        银行转证券                                        0.000           0               0               0.00            5000.00          18457.40        0.000        0.000         0.000         0.000         0.000         人民币                                            880000960043        
20180702        证券买入          601169          北京银行        5.980           3000            3000            17940.00        -17945.36        512.04          5.000        0.000         0.360         0.000         0.000         人民币        0880006511        A128826147        880000960043        
20180705        银行转证券                                        0.000           0               0               0.00            10000.00         10512.04        0.000        0.000         0.000         0.000         0.000         人民币                                            880000960043        
