-------------------------------------------------------------------------------------------------------

交割日期        业务名称          证券代码        证券名称        成交价格        成交数量        剩余数量        成交金额        清算金额         剩余金额        佣金         印花税        过户费        结算费        附加费        币种          成交编号          股东代码          资金帐号            
20180828        证券卖出          603259          药明康德        88.350          300             0               26505.00        26471.33         26474.38        6.630        26.510        0.530         0.000         0.000         人民币        0880011815        A128826147        880000960043        
20180828        证券卖出          000333          美的集团        43.460          300             0               13038.00        13019.70         39494.08        5.000        13.040        0.260         0.000         0.000         人民币        B1124116          0172419589        880000960043        
20180828        融券回购          131810          Ｒ-001          2.378           390             0               39000.00        -39000.39        493.69          0.390        0.000         0.000         0.000         0.000         人民币        B1157006          0172419589        880000960043        
20180829        融券购回          131810          Ｒ-001          2.378           390             0               39002.54        39002.54         39496.23        0.000        0.000         0.000         0.000         0.000         人民币        B1157006          0172419589        880000960043        
20180829        证券买入          300388          国祯环保        8.710           700             700             6097.00         -6102.12         33394.11        5.000        0.000         0.120         0.000         0.000         人民币        B1129547          0172419589        880000960043        
20180829        证券买入          300024          机器人          16.580          2000            3700            33160.00        -33168.95        225.16          8.290        0.000         0.660         0.000         0.000         人民币        B1137277          0172419589        880000960043        
20180904        证券卖出          300388          国祯环保        8.760           700             0               6132.00         6120.74          6345.90         5.000        6.130         0.130         0.000         0.000         人民币        B1141943          0172419589        880000960043        
20180905        证券买入          300558          贝达药业        41.520          100             100             4152.00         -4157.08         2188.82         5.000        0.000         0.080         0.000         0.000         人民币        B1162217          0172419589        880000960043        
20180906        银行转证券                                        0.000           0               0               0.00            2200.00          4388.82         0.000        0.000         0.000         0.000         0.000         人民币                                            880000960043        
20180906        证券买入          300558          贝达药业        41.020          100             200             4102.00         -4107.08         281.74          5.000        0.000         0.080         0.000         0.000         人民币        B1114121          0172419589        880000960043        
20180921        利息归本                                          0.000           0               0               0.00            6.01             287.75          0.000        0.000         0.000         0.000         0.000         人民币                                            880000960043        
